# Spx ipos jpos
31    5    -7
46    4    -7
61    3    -7
76    2    -7
91    1    -7
106   0    -7
121   -1   -7
136   -2   -7
151   -3   -7
166   -4   -7
181   -5   -7
196   -6   -7
211   -7   -7
17    6    -6
32    5    -6
47    4    -6
62    3    -6
77    2    -6
92    1    -6
107   0    -6
122   -1   -6
137   -2   -6
152   -3   -6
167   -4   -6
182   -5   -6
197   -6   -6
212   -7   -6
3     7    -5
18    6    -5
33    5    -5
48    4    -5
63    3    -5
78    2    -5
93    1    -5
108   0    -5
123   -1   -5
138   -2   -5
153   -3   -5
168   -4   -5
183   -5   -5
198   -6   -5
213   -7   -5
4     7    -4
19    6    -4
34    5    -4
49    4    -4
64    3    -4
79    2    -4
94    1    -4
109   0    -4
124   -1   -4
139   -2   -4
154   -3   -4
169   -4   -4
184   -5   -4
199   -6   -4
214   -7   -4
5     7    -3
20    6    -3
35    5    -3
50    4    -3
65    3    -3
80    2    -3
95    1    -3
110   0    -3
125   -1   -3
140   -2   -3
155   -3   -3
170   -4   -3
185   -5   -3
200   -6   -3
215   -7   -3
6     7    -2
21    6    -2
36    5    -2
51    4    -2
66    3    -2
81    2    -2
96    1    -2
111   0    -2
126   -1   -2
141   -2   -2
156   -3   -2
171   -4   -2
186   -5   -2
201   -6   -2
216   -7   -2
7     7    -1
22    6    -1
37    5    -1
52    4    -1
67    3    -1
82    2    -1
97    1    -1
112   0    -1
127   -1   -1
142   -2   -1
157   -3   -1
172   -4   -1
187   -5   -1
202   -6   -1
217   -7   -1
8     7    0
23    6    0
38    5    0
53    4    0
68    3    0
83    2    0
98    1    0
113   0    0
128   -1   0
143   -2   0
158   -3   0
173   -4   0
188   -5   0
203   -6   0
218   -7   0
9     7    1
24    6    1
39    5    1
54    4    1
69    3    1
84    2    1
99    1    1
114   0    1
129   -1   1
144   -2   1
159   -3   1
174   -4   1
189   -5   1
204   -6   1
219   -7   1
10    7    2
25    6    2
40    5    2
55    4    2
70    3    2
85    2    2
100   1    2
115   0    2
130   -1   2
145   -2   2
160   -3   2
175   -4   2
190   -5   2
205   -6   2
220   -7   2
11    7    3
26    6    3
41    5    3
56    4    3
71    3    3
86    2    3
101   1    3
116   0    3
131   -1   3
146   -2   3
161   -3   3
176   -4   3
191   -5   3
206   -6   3
221   -7   3
12    7    4
27    6    4
42    5    4
57    4    4
72    3    4
87    2    4
102   1    4
117   0    4
132   -1   4
147   -2   4
162   -3   4
177   -4   4
192   -5   4
207   -6   4
222   -7   4
13    7    5
28    6    5
43    5    5
58    4    5
73    3    5
88    2    5
103   1    5
118   0    5
133   -1   5
148   -2   5
163   -3   5
178   -4   5
193   -5   5
208   -6   5
223   -7   5
14    7    6
29    6    6
44    5    6
59    4    6
74    3    6
89    2    6
104   1    6
119   0    6
134   -1   6
149   -2   6
164   -3   6
179   -4   6
194   -5   6
209   -6   6
224   -7   6
30    6    7
45    5    7
60    4    7
75    3    7
90    2    7
105   1    7
120   0    7
135   -1   7
150   -2   7
165   -3   7
180   -4   7
195   -5   7
210   -6   7
225   -7   7
